Notumor, Training: 17, 19, 24, 28, 32, 47, 55, 60, 71, 72, 75, 84, 87, 93, 94, 95, 99, 106, 115, 117, 140, 141, 147, 150, 161, 164, 
166, 170, 178, 201, 202, 210, 223, 229, 244, 275, 285, 302, 349, 357, 364, 366, 372, 376, 388, 390, 399, 405, 408, 412, 
413, 439, 456, 460, 461, 469, 471, 483, 489, 495, 496, 498, 504, 510, 520, 531, 532, 553, 555, 557, 558,560, 561, 563, 565, 567, 580
585, 592, 593, 615, 616, 625, 634, 636, 638, 640, 651, 661, 667, 669, 672, 687, 702, 716, 719, 720, 722, 730, 731, 734, 
740, 747, 760, 777, 779, 785, 789, 792, 793, 805, 808, 813, 815, 820, 824, 830, 837, 839, 845, 849, 850, 857, 860, 874, 891
892, 911, 913, 932, 946, 948, 958, 959, 966, 967, 971, 977, 978, 980, 984, 986, 987, 991, 993, 994, 997, 1003, 1004, 1006, 1032
1037, 1052, 1070, 1073, 1084, 1089, 1094, 1098, 1100, 1103, 1107, 1117, 1125, 1127, 1128, 1129, 1130, 1131, 1132, 1164, 
1165, 1166, 1176, 1177, 1185, 1188, 1195, 1196, 1197, 1199, 1214, 1215, 1216, 1218, 1229, 1230, 1232, 1233, 1242, 1246,1249, 1258, 1274, 1278,
1279,1282,1285, 1286, 1290, 1291, 1292, 1295, 1307, 1310, 1312,1316, 1327, 1332, 1333, 1335, 1336, 1337, 1338, 1339, 1340,
1348, 1350, 1351, 1352, 1355, 1356, 1362, 1363, 1367, 1373, 1376, 1378, 1382, 1388, 1389, 1391, 1395, 1399, 


Hipófisis, training:
225


Notomor, Test:1, 5, 12, 14, 16, 17, 18, 20, 22, 24, 25, 30, 32, 37, 39, 47, 50, 51, 52, 54, 57, 63, 71, 77, 78, 79, 83, 
90, 96, 98, 102, 106, 109, 110, 112, 114, 117, 123, 127, 129, 131, 132, 152, 153, 154, 155, 161, 164, 167, 168, 174, 175, 
179, 182, 185, 190, 191, 192, 195, 196, 197, 198, 199, 200, 202, 204, 211, 214, 219, 220, 221, 228, 229, 234, 235, 224, 243
265, 270, 279, 280, 284,288, 290, 291, 295, 297, 298, 299, 300, 301, 304, 311, 315, 319, 325, 325, 327, 329, 342, 343,
347, 349, 353, 354, 356, 357, 364, 366, 370, 377, 378, 380, 382, 387, 394, 395, 396, 